## GIT Practical ###

x <-3^3 + 5
x^2

5/2 + 3
x + 5